0.6186 18.37 6054 258.3 0.6217 -2.701 5.589 3.074 1.152
0.3701 15.11 4806 277.8 0.7017 -4.285 6.074 4.744 1.482
0.6392 16.66 4790 272.4 0.6726 -1.963 5.41 2.324 0.457
0.6208 16.37 7720 270.4 0.7819 -2.368 4.121 2.608 -1.738








0.516571 24.6243 1018.67 234.063 0.38848 -6.60804 -8.0475 7.29883 4.49245 		92.2139
0.504667 31.1662 2147.38 232.556 0.200977 -7.48537 -8.50545 8.00369 2.45862 		91.6435
0.665982 13.0248 5800 144.4 0.224897 -5.2335 -4.12588 5.44249 -0.13771 		92.154
0.648389 26.0806 866.02 283.174 0.266541 -2.74675 -7.25144 3.5023 5.48714 		91.9728
0.678522 19.6694 4941.24 235.64 0.258502 -6.01354 -8.93121 6.09318 -1.95543 		94.0828
0.649013 19.9146 3447.73 252.064 0.223444 -5.15435 -6.43267 5.246 -1.88574 		94.1341
0.523601 21.983 4774.15 235.76 0.254192 3.0037 -6.15542 -2.95148 -1.91166 		87.0693
0.768124 12.8322 2005.14 242.715 0.440281 1.88261 -9.66876 -1.38637 0.725175 		91.535



